F 80 220 0
F 720 220 0
F 800 220 0
F 80 380 0
F 960 220 0
F 1360 220 0
F 80 620 0
F 240 620 0
F 800 620 0
F 1440 700 0
F 80 860 0
F 1120 860 0
F 160 220 4
F 640 220 2
F 80 300 4
F 640 300 6
F 800 300 2
F 160 380 6
F 160 620 2
F 160 700 6
F 720 620 6
F 80 700 4
F 800 700 4
F 1360 700 6
F 80 780 2
F 1440 780 4
F 160 860 2
F 1040 860 4
F 1200 860 6
F 1040 220 2
F 1280 220 1
F 1440 220 4
F 960 300 6
F 1280 300 6
F 1360 300 4
F 240 220 10
F 560 220 16
F 240 380 12
F 720 380 12
F 800 380 10
F 400 540 16
F 320 620 10
F 400 620 12
F 640 620 16
F 720 700 12
F 880 700 10
F 1280 700 10
F 160 780 12
F 1120 780 10
F 1200 780 12
F 1360 780 16
F 240 860 10
F 960 860 10
F 1280 860 16
F 1440 860 12
F 320 220 22
F 480 220 26
F 160 300 22
F 240 300 26
F 560 300 30
F 640 300 22
F 320 380 30
F 640 380 26
F 480 540 32
F 480 620 30
F 560 620 22
F 240 700 26
F 320 700 22
F 400 700 26
F 640 700 22
F 960 700 22
F 1120 700 26
F 1200 700 22
F 240 780 22
F 800 780 26
F 880 780 30
F 960 780 26
F 1040 780 22
F 1280 780 26
F 320 860 26
F 960 860 22
F 1360 860 22
F 1040 300 26
F 1120 300 22
F 1200 380 26
F 1280 380 22
F 960 460 22
F 1360 460 30
F 1440 460 22
O 5 70 140 5
O 5 1450 140 5
O 3 140 240 6
O 9 300 230 8
O 8 530 300 7
O 6 640 260 5
O 8 770 220 7
O 4 970 240 5
O 0 1040 240 5
O 2 1180 220 7
O 1 1280 240 5
O 8 40 380 7
O 7 150 420 5
O 2 70 620 7
O 7 160 640 5
O 0 320 640 5
O 0 70 880 5
O 8 210 860 7
O 5 800 570 5
O 4 720 650 5
O 8 930 380 7
O 5 1460 650 5
O 5 1370 650 5
O 4 1280 730 5
O 0 1200 730 5
O 8 1410 860 7
O 7 1370 500 5