11111111111111111111111111111111111111111111111111111111111111111111111111111111
11111111111111111111111111111111111111111111111111111111111111111111111111111111
11111111111111111111111111111111111111111111111111111111111111111111111111111111
11111111111111111111111111111111111111111111111111111111111111111111111111111111
11111111111111111111111111111111111111111111111111111111111111111111111111111111
11111111111111111111111111111111111111111111111111111111111111111111111111111111
11111111111111111111111111111111111111111111111111111111111111111111111111111111
11111111111111111111111111111111111111111111111111111111111111111111111111111111
11111111111111111111111111111111111111111111111111111111111111111111111111111111
11111111111111111111111111111111111111111111111111111111111111111111111111111111
11111111111111111111111111111111111111111111111111111111111111111111111111111111
11111111111111111111111111111111111111111111111111111111111111111111111111111111
11111111111111111111131111113111111111111111111131111113111111111111111111111111
11111111111111111111133333333111111111111111111133333333111111111111111111111111
11111111111111111111111111133111111111111111111133111111111111111111111111111111
11111111111111111111111111133333333311111333333333111111111111111111111111111111
11111111111111111111111111133333133331113333133333111111111111111111111111111111
11111111111111111111111333333333333333333333333333333311111111111111111111111111
11111111111111111111111333333333333333333333333333333311111111111111111111111111
11111111111111111111111333111111111113331111111111133311111111111111111111111111
11111111111111111111111333111111111133333111111111133311111111111111111111111111
11111111111111111111111333111111111113331111111111133311111111111111111111111111
11111111111111111111111333131111131113331113333333133311111111111111111111111111
11111111111111111111111333133333331111111113131313133311111111111111111111111111
11111111111111111111111333333333111111111113111113333311111111111111111111111111
11111111111111111111111333133333311113331113111113133311111111111111111111111111
11111111111111111111111333131313111113331113131313133311111111111111111111111111
11111111111111111111111333111111111113331113333333133311111111111111111111111111
11111111111111111111111333111111111113331111111111133311111111111111111111111111
11111111111111111111111333111111111113331111111111133311111111111111111111111111
11111111111111111111111333111111111113331111111111133311111111111111111111111111
11111111111111111111111333333333333333333333333333333311111111111111111111111111
11111111111111111111111333333333333333333333333333333311111111111111111111111111
11111111111111111111111111111111111113331111111111111111111111111111111111111111
11111111111111111111111111111111111111111111111111111111111111111111111111111111
11111111111111111111111111111111111111111111111111111111111111111111111111111111
11111111111111111111111111111111111111111111111111111111111111111111111111111111
11111111111111111111111111111111111111111111111111111111111111111111111111111111
11111111111111111111111111111111111111111111111111111111111111111111111111111111
11111111111111111111111111111111111111111111111111111111111111111111111111111111
11111111111111111111111111111111111111111111111111111111111111111111111111111111
11111111111111111111111111111111111111111111111111111111111111111111111111111111
11111111111111111111111111111111111111111111111111111111111111111111111111111111
11111111111111111111111111111111111111111111111111111111111111111111111111111111
11111111111111111111111111111111111111111111111111111111111111111111111111111111