11111111111111111111111111111111111111111111111111111111111111111111111111111111
11111111111111111111111111111111111111111111111111111111111111111111111111111111
11111111111111111111111111111111111111111111111111111111111111111111111111111111
11111111111111111111111111111111111111111111111111111111111111111111111111111111
11111111111111111111111111111111111111111111111111111111111111111111111111111111
11111111111111111111111111111111111111111111111111111111111111111111111111111111
11111111111111111111133333333333331111111111133333333333331111111111111111111111
11111111111111111111133113333333333333333333333333333311331111111111111111111111
11111111111111111111133113333313333333313333333313333311331111111111111111111111
11111111111111111111133333333333333333333333333333333333331111111111111111111111
11111111111111111111111331111113111111111111111311111133111111111111111111111111
11111111111111111111111331111113111111111111111311111133111111111111111111111111
11111111111111111111111331111113111111111111111311111133111111111111111111111111
11111111111111111111111331111133111111111133333311111133111111111111111111111111
11111111111111111111111331333333113311111111113331111133111111111111111111111111
11111111111111111111111331333333113311111111113311333133111111111111111111111111
11111111111111111111111331111133113311111111113311311133111111111111111111111111
11111111111111111111111331111133113311111111113311331133111111111111111111111111
11111111111111111111111331111133113311111111113311331133111111111111111111111111
11111111111111111111111331333333333331111133333333311133111111111111111111111111
11111111111111111111111331111111113331111133311111111133111111111111111111111111
11111111111111111111111331111111113331111111111111111133111111111111111111111111
11111111111111111111111331111111111111333111111111111133111111111111111111111111
11111111111111111111111331133331111111333111111111111133111111111111111111111111
11111111111111111111111331333133311111333111111111111133111111111111111111111111
11111111111111111111111331331113313333333333311111111133111111111111111111111111
11111111111111111111111331333333313333333333311331111133111111111111111111111111
11111111111111111111111331333333313333111333311333111133111111111111111111111111
11111111111111111111111331333333313331111133311333311133111111111111111111111111
11111111111111111111111331111311113331111133311113111133111111111111111111111111
11111111111111111111111331111311113331111133311113111133111111111111111111111111
11111111111111111111111331111311113333111333311113111133111111111111111111111111
11111111111111111111113333333333333113333311333333333333311111111111111111111111
11111111111111111111113333333333333113333311333333333333311111111111111111111111
11111111111111111111113333333333333333333333333333333333311111111111111111111111
11111111111111111111111111111111111113333311111111111111111111111111111111111111
11111111111111111111111111111111111111333111111111111111111111111111111111111111
11111111111111111111111111111111111111333111111111111111111111111111111111111111
11111111111111111111111111111111111111333111111111111111111111111111111111111111
11111111111111111111111111111111111111333111111111111111111111111111111111111111
11111111111111111111111111111111111111333111111111111111111111111111111111111111
11111111111111111111111111111111111111111111111111111111111111111111111111111111
11111111111111111111111111111111111111111111111111111111111111111111111111111111
11111111111111111111111111111111111111111111111111111111111111111111111111111111
11111111111111111111111111111111111111111111111111111111111111111111111111111111