11111111111111111111111111111111111111111111111111111111111111111111111111111111
11111111111111111111111111111111111111111111111111111111111111111111111111111111
11111111111111111111111111111111111111111111111111111111111111111111111111111111
11111111111111111111111111111111111111111111111111111111111111111111111111111111
11111111111111111111111111111111111111111111111111111111111111111111111111111111
11111111111111111111111111111111111111111111111111111111111111111111111111111111
11111111111111111111111111111111111111111111111111111111111111111111111111111111
11111111111000000000000000000000000000000000000000000000000000000000011111111111
11111111111000000000000000000000000000000000000000000000000000000000011111111111
11111111111000000000000000000000000000000101010101000000000000000000011111111111
11111111111000000000000000000111110000000000000000000000000000000000011111111111
11111111111000011111111000000111110000000000000000000001111111100000011111111111
11111111111000011111111000000111110000000000000000000001111111100000011111111111
11111111111000011111111000000111110000000000000000000001111111100000011111111111
11111111111000111211121010011112110000100000000000001011121112100100000111111111
11111111111000000000000000000000000000000000000000000000000000000000000020000000
11111111111000000000000000000000000000000000110000000000000000000000000020000000
11111111111000000000000010010000000000100000000000001000000000000100000020000000
11111111111000000000000000000000000000000000000000000000000000000000011011111111
11111111111000010000000000000000000001000000000000000000000000000000011111111111
11111111111000000000000010010000000000000000000000000000010000000000011111111111
11111111111000000000000000000000000000000000000000000000000000000000011111111111
11111111111000100000000000000000000000000001001000000000000000000000011111111111
11111111111000000000000000000000010000000000000000111111111111111110011111111111
11111111111000000000000010010000000000000000000000101111111111111010011111111111
11111111111000000000000000000000000000000001001000101111111111111010011111111111
11111111111000000001000000000000000000000000000000101111111111111010011111111111
11111111111001111100000000000000111111110000000000101111111111111010011111111111
11111111111001111100000000000000111111110001001000101111112111111010011111111111
11111111111001111100000000000000111111110000000000101111000001111010011111111111
11111111111001111100000001100000111111110000000000101111000001111010011111111111
11111111111001111100000000000000111111111001001000101111300031111010011111111111
11111111000000000000100000000001121111111000000000111111100011111110011111111111
00000002000000000000000000000000000000000000000000000000000000000000011111111111
00000002000000000000000000000000000000000000000000000000000000000000011111111111
00000002000000000000100000000001000000000000000000000000000000000000011111111111
11111111111000000000000000000000000000000000000000000000000000000000011111111111
11111111111000000000000000000000000000000000000000000000000000000000011111111111
11111111111111111111111111111111111111111111111111111111111111111111111111111111
11111111111111111111111111111111111111111111111111111111111111111111111111111111
11111111111111111111111111111111111111111111111111111111111111111111111111111111
11111111111111111111111111111111111111111111111111111111111111111111111111111111
11111111111111111111111111111111111111111111111111111111111111111111111111111111
11111111111111111111111111111111111111111111111111111111111111111111111111111111
11111111111111111111111111111111111111111111111111111111111111111111111111111111