11111111111111111111111111111111111111111111111111111111111111111111111111111111
11111111111111111111111111111111111111111111111111111111111111111111111111111111
11111111111111111111111111111111111111111111111111111111111111111111111111111111
11111111111111111111111111111111111111111111111111111111111111111111111111111111
11111111111111111111111111111111111111111111111111111111111111111111111111111111
11111111111111111111111111111111111111111111111111111111111111111111111111111111
11111111111111111111111111111111111111111111111111111111111111111111111111111111
11111111111111111111111111111111111111111111111111111111111111111111111111111111
11111111111111111111111111111111111111111111111111111111111111111111111111111111
11111111111111111111111111111111111111111111111111111111111111111111111111111111
11111111111111111111111111111111111111111111111111111111111111111111111111111111
11111111111111111111111133333111113333333333311131333131111111111111111111111111
11111111111111111111111111333333133333333333331333333333111111111111111111111111
11111111111111111111111311311133133311131113331333313333111111111111111111111111
11111111111111111111111333311133133333333333331331111133111111111111111111111111
11111111111111111111111333333333133333333333331311111113111111111111111111111111
11111111111111111111111111111133133333333333331311111113111111111111111111111111
11111111111111111111111111111133133333333333331311111113111111111111111111111111
11111111111111111111111111111133133333333333331331111133111111111111111111111111
11111111111111111111111333333333133133333331331333111333111111111111111111111111
11111111111111111111111333333333133333333333331333333333111111111111111111111111
11111111111111111111111111131111133333333333331111131111111111111111111111111111
11111111111111111111111111131111133133333331331111131111111111111111111111111111
11111111111111111111111111131111111111333111111111131111111111111111111111111111
11111111111111111111111333333333111111333111111333333333111111111111111111111111
11111111111111111111111333333333111111333111111333333333111111111111111111111111
11111111111111111111111333333333333333333333333333333333111111111111111111111111
11111111111111111111111333333333333333333333333333333333111111111111111111111111
11111111111111111111111111131111111111333111111111131111111111111111111111111111
11111111111111111111111111131111111111333111111111131111111111111111111111111111
11111111111111111111111111131111111111111111111111131111111111111111111111111111
11111111111111111111111111133111111111111111313111333111111111111111111111111111
11111111111111111111111331333333331311111111313111333333111111111111111111111111
11111111111111111111111313333333331311111113333333331113111111111111111111111111
11111111111111111111111333333333333311111111113333333333111111111111111111111111
11111111111111111111111111111111111111111111111111111111111111111111111111111111
11111111111111111111111111111111111111111111111111111111111111111111111111111111
11111111111111111111111111111111111111111111111111111111111111111111111111111111
11111111111111111111111111111111111111111111111111111111111111111111111111111111
11111111111111111111111111111111111111111111111111111111111111111111111111111111
11111111111111111111111111111111111111111111111111111111111111111111111111111111
11111111111111111111111111111111111111111111111111111111111111111111111111111111
11111111111111111111111111111111111111111111111111111111111111111111111111111111
11111111111111111111111111111111111111111111111111111111111111111111111111111111
11111111111111111111111111111111111111111111111111111111111111111111111111111111