11111111111111111111111111111111111111111111111111111111111111111111111111111111
11111111111111111111111111111111111111111111111111111111111111111111111111111111
11111111111111111111111111111111111111111111111111111111111111111111111111111111
11111111111111111111111111111111111111111111111111111111111111111111111111111111
11111111111111111111111111111111111111111111111111111111111111111111111111111111
11111111111111111111111111111111111111111111111111111111111111111111111111111111
11111111111111111111111111100000000000000000000011111111111111111111111111111111
11111111111111111111111111100000111111111110000011111111111111111111111111111111
11111111111111111111111111111100111111111110011111111111111111111111111111111111
11111111111111111111111111111100111111111110011111111111111111111111111111111111
11111111111111111111111111111100111111111110011111111111111111111111111111111111
11111111111111111111111111111100011111111100011111111111111111111111111111111111
11111111111111111111111111111100011111111100011111111111111111111111111111111111
11111111111111111111111111111100011111111100011111111111111111111111111111111111
11111111111111111111111111111100011111111100011111111111111111111111111111111111
11111111111111111111111111111100111111111110011111111111111111111111111111111111
11111111111111111111111111111100111111111110011111111111111111111111111111111111
11111111111111111111111111111100111111111110011111111111111111111111111111111111
11111111111111111111111111111100110000000110011111111111111111111111111111111111
11111111111111111111111111111100000100010000011111111111111111111111111111111111
11111111111111111111111111111100000000000000011111111111111111111111111111111111
11111111111111111111111111111111111110111111111111111111111111111111111111111111
11111111111111111111111111111111111110111111111111111111111111111111111111111111
11111111111111111111111111111111111110111111111111111111111111111111111111111111
11111111111111111111111111111111111110111111111111111111111111111111111111111111
11111111111111111111111111111111111110111111111111111111111111111111111111111111
11111111111111111111111111111111111100011111111111111111111111111111111111111111
11111111111111111111111111111111111100011111111111111111111111111111111111111111
11111111111111111111111111111111110100010111111111111111111111111111111111111111
11111111111111111111111111111111110000000111111111111111111111111111111111111111
11111111111111111111111111111111110000000111111111111111111111111111111111111111
11111111111111111111111111111100000000000000011111111111111111111111111111111111
11111111111111111111111111111103130000000313011111111111111111111111111111111111
11111111111111111111111111111103130000000313011111111111111111111111111111111111
11111111111111111111111111111003330000000333001111111111111111111111111111111111
11111111111111111111111111111111111100011111111111111111111111111111111111111111
11111111111111111111111111111111111100011111111111111111111111111111111111111111
11111111111111111111111111111111111100011111111111111111111111111111111111111111
11111111111111111111111111111111111100011111111111111111111111111111111111111111
11111111111111111111111111111111111100011111111111111111111111111111111111111111
11111111111111111111111111111111111000001111111111111111111111111111111111111111
11111111111111111111111111111111111100011111111111111111111111111111111111111111
11111111111111111111111111111111111000001111111111111111111111111111111111111111
11111111111111111111111111111111111000001111111111111111111111111111111111111111
11111111111111111111111111111111111111111111111111111111111111111111111111111111