11111111111111111111111111111111111111111111111111111111111111115511111111111111
11111111111111111111111111111111111111111111111111111111111111115511111111111111
11111111111111111111111111111111111111111111111111111111111111115511111111111111
11111111111111111111111111111111111111111111111111111111111111115511111111111111
11111111111111111111111111111111111111111111111111111111111111112211111111111111
11111111111111133000001111111111111111111111111111111111111111155351111111111111
11111111111111300000000033111111111111111111115111111555111111153351111111111111
11111111111113005555503300155551111111111111155555555555555555555551111111111111
11111111111103055533500300155551111111111111555555555555555555555111111111111111
11111111110030053333500001111555111111111115555155155155511111535111111111111111
11111111110300055555555031011155111111155555551111111111111111535111111111111111
11111111110003055355555030011155115551153335511111111111111111555111111111111111
11111111110333053351555000000155155555553555551111111111111155535551111111111111
11111111110333055555555555555555555355335533555555111111115555555351111111111111
11111111100030055551353333555555353553155553335355555555555533355351111111111111
11111111110000055353355533515333353153553535335353355533353535533355111111111111
11111111110333055353355555555555555333333535555555355535553555111111111111111111
11111111110030055535535553355555553333335555111555351533535551111111111111111111
11111111110300555535533155551111155533355111111115551555555511111111111111111111
11111111100300553553555551111111111111111111111111555533555511111111111111111111
11111111110030535153315551111111111111111111111115553353555111111111111111111111
11111111100330555555355511111100011111111111111155555555351111111111111111111111
11111111110330531335533511111101001111015555555555511155551111111111111111111111
11111111103000535555353551111111001210015533533555111153551111111111111111111111
11111111113310555335535555111111000000015533555551111153551111111111111111111111
11111111100000553533553555111100030033005553555551111155351111111111111111111111
11111111111000553555553551110000103000105535355511111155551111111111111111111111
11111111100001155555535511000133000000005335355111111153351111111111111111111111
11111111113030114411555111000000303300005555551111111555555111111111111111111111
11111111103030114411111110013300330000055333511111111553555511111111111111111111
11111111110330014411111100000000000055555355511111111553555511111111111111111111
11111111100001000000111001000010000555353335555511111555533555111111111111111111
11111111110000003330000000000000555533533555333555555535353555555551111111111111
00000000000000300330015555005555555353355535555533553533353335353355111111111111
00000000000003000000301555555335333555535355111555335555555555335535511111111111
00000000000000003303001533555353333555535551111115555111153355553355511111111111
11111111110000000000001555533555533511555551111111111111111115355555111111111111
11111111111000100000010111111155535511522511111111111111111111115551111111111111
11111111111101111000000111111111555111155111111111111111111111111111111111111111
11111111111101111111111111111111111111155111111111111111111111111111111111111111
11111111111111111111111111111111111111155111111111111111111111111111111111111111
11111111111111111111111111111111111111111111111111111111111111111111111111111111
11111111111111111111111111111111111111111111111111111111111111111111111111111111
11111111111111111111111111111111111111111111111111111111111111111111111111111111
11111111111111111111111111111111111111111111111111111111111111111111111111111111