11111111111111111111111111111111111111111111111111111111111111111111111111111111
11111111111111111111111111111111111111111111111111111111111111111111111111111111
11111111111111111111111111111111111111111111111111111111111111111111111111111111
11111111111111111111111111111111111111111111111311111111111111111111111111111111
11111111111111111111111111133333111111111111133333111111111111111111111111111111
11111111111111111111113113311113131111131333333333331111111111111111111111111111
11111111111111111111113333333333333333333333333333331113111111111111111111111111
11111111111111111111111333333333333333333333113333333333111111111111111111111111
11111111111111111111111333333331333333111111113333333333111111111111111111111111
11111111111111111111111113333333333111111111111133333331111111111111111111111111
11111111111111111111111111111111333111111111111133333331111111111111111111111111
11111111111111111111111111111111111111111111111133333331111111111111111111111111
11111111111111111111111111111111111111111111111133333333111111111111111111111111
11111111111111111111111111111111111111111111113333333331111111111111111111111111
11111111111111111111111111111111111111111111133333111111111111111111111111111111
11111111111111111111111111111111111111111113333111111111133111111111111111111111
11111111111111111111111111111111111111111113311111331333113311111111111111111111
11111111111111111111111111111111111111111133311113333333311331111111111111111111
11111111111111111111111111111111111111111133333333311133333331111111111111111111
11111111111111111133131111111111111333111333333333311111333133333333111111111111
11111111111111111113333111111111111333333333133331111111133333333311111111111111
11111111111111111111333311111111333333311133333331111111111111111111111111111111
11111111111111111111331331111111133333311133331331111111111111111111111111111111
11111121111111111111133333111111133333111113133333111111111111111111111111111111
11111133333311111111111133331111133333111113333333311111111111111111111111111111
11113333333311111111111113311111133331111111333333311111111111111111111111111111
11333333311111111111111113111113333331111111113333331111111111111111111111111111
13333313113331111111111333111113333311111111111333333311111111111111111111111111
13331133333333111111113333113333333311111111111111133331111111111111111111111111
11111333333311111313333333333333331111111111111111133331111111111111111111111111
11133333113133333333333331113333331111111111111111133331111111111111111111111111
11111111133333333333331111111113331111111111111111133331111111111111333311111111
11111133333333333333111111111113331111111111111111133331111111111113333331111111
11111111111111113331111111111113331111111111111111133331111111111333333313111111
11111111111111113331111111111113331111111111111111133331111113333333333331111111
11111111111111133311111111111111333311111111111111133331111313333333333111111111
11111333311111113311111111111111133311111111111313333333333333333311111111111111
11111333331111113311111111331111133331111111113333313333333333333111111111111111
11113333331111113311111111311111133331111111133333333333331333331111111111111111
11113333333311113331111133331111133313311111333333111111111133131111111111111111
11113333333331333333333333331111333333311113333111111111111133331111111111111111
11113333333333333331111333111111133331111131333111111111111111111111111111111111
11111133311111333111111111111111331111111133331111111111111111111111111111111111
11111111111111113111111111111111111111111131111111111111111111111111111111111111
11111111111111111111111111111111111111111111111111111111111111111111111111111111