11111111111111111111111111111111111111111111111111111111551135111111111111111111
11111111111111111111111111111111111111111111111111111111553335111111111111111111
11111111111111111111111111111111111111111111155511111111555335111111111111111111
11111111111111111111155511111111151111111111555511111111555115111111111111111111
11111111111111155555555555555555551111111111555111111111555335111111111111111111
11111111111111155555555555555551111111111111511133000005511155111111111111111111
11111111111111155111555555555511111115111115511000000055551155111111111111111111
11111111111111111111111115555511111155511555511300000551111155111111111111111111
11111111111111111111111115555511115555555555501100000551111155111111111111111111
11111111111111111111111111115111555555111111133000000151111155111111111111111111
11111111111155115511155111115111555511111111130000011551111155111111111111111111
11111111111555555555555111115111551111033331130000110551111155111111111111111111
11111111111555511111155555555555511111111133330000000555111155111111111111111111
11111111111511111111111111555555111100110010000003005511111155111111111111111111
11111111111555111331111111111141111300000010000030555555111111111111111111111111
11111111111551033311300000111141133330000010000330555555111111111111111111111111
11111111111511000333000000000000113000000000000305555553535111111111111111111111
11111111111510000000000000000000000000000111111111111151135111111111111111111111
11111111111500011111011111110000000000000111111111111151155111111111111111111111
11111111111500011111011111110000000111010111111111111111155111111111111111111111
11111111111500011111011111110000011111111111111111111555155111111111111111111111
11111111111551111111011111110000511111111111111111555555135111111111111111111111
11111111111551111111011111113000511111111111111111551111133111111111111111111111
11111111111151111111011111110305511111111111111111551111133111111111111111111111
11111111111151111111011111110335511111155111111111551111133111111111111111111111
11111111111151111111011111110055515555555111111111551111133111111111111111111111
11111111111151111111011111113551511111115111111111555555153111111111111111111111
11111111111151111111011111113555511111115111111111551111153111111111111111111111
11111111111151111111011111113555511111115111111111551111155111111111111111111111
11111111111151101110001110110115555511115111111111551111155111111111111111111111
11111111111151001000000010003115555551115111111111551555333111111111111111111111
11111111111155000000000000000101411555515111111111551535355111111111111111111111
11111111111155500000000000000001411155315555555555551335555111111111111111111111
11111111111111555000000000000000000155315555555555551511111111111111111111111111
11111111111111555510000000000000000155311111555511111511111111111111111111111111
11111111111111555511300001111100055555511111555511111511111111111111111111111111
11111111111111115553331100000000555555511111555511111511111111111111111111111111
11111111111111551151133333000005335555533553555533353311111111111111111111111111
11111111111111555555555555000053535555555555555555555511111111111111111111111111
11111111111111111111111115500055111111111111111111111111111111111111111111111111
11111111111111111111111115500055111111111111111111111111111111111111111111111111
11111111111111111111111111100011111111111111111111111111111111111111111111111111
11111111111111111111111111100011111111111111111111111111111111111111111111111111
11111111111111111111111111111111111111111111111111111111111111111111111111111111
11111111111111111111111111111111111111111111111111111111111111111111111111111111