11111111111111111111111111111111111111111111111111111111111111111111111111111111
11111111111111111111111111111111111111111111111111111111111111111111111111111111
11111111111111111111111111111111111111111111111111111111111111111111111111111111
11111111111111111111111111111111111111111111111111111111111111111111111111111111
11111111111111111111111111111111111111111111111111111111111111111111111111111111
11111111111111111111111111111111111111111111111111111111111111111111111111111111
11111111111111111111111111111111111111111111111000000000010111111111111111111111
11111111111000001010000000000000000000000000001000000000001001000111111111111111
11111111111010101000000000000000000000010000001000000033333333333311111111111111
11111111111000001000000000000111111000001111001000000033333333333301111111111111
11111111111000001000100000000111111001001111001000000033333333333311111111111111
11111111111110111000000000000111111000001111001000000033333333333301111111111111
11111111111000000000000000000112211000001211001000000033333333333301111111111111
11111111111100000000000000000000020000000000001000000033333333333301111111111111
11111111111000000000001000000000000000000000001000000033333333333300011111111111
11111111111000010000000000000000000000000000001000000000000000000001001111111111
11111111111000000000000000000000000100000000101000000000000000000000010111111111
11111111111000000000000000000000000000000000001000000000000000000000101111111111
11111111111000000000000001000010010000000000001000000000000000000000011111111111
11111111111001110100000000000000000000000000001000000000000000000000012111111111
11111111111001110000000000000000000000000000001000000000000000000000002002111111
11111111111001110000000100000000000000000000001000000000000000000000002002111111
11111111111001210000000000010000000001000000002000000000000000000000002002111111
11111111111000000000000000000000100000000000002000000000000000000000001111111111
11111111111000000000000000000000000000000000002000000000000000000000001111111111
11111111111000000000000000010000000001000000002000000000000000000000001111111111
11111111111000000000000000000000000000000010001000000000000000000000001111111111
11111111111010000010000000000000000000000000001000000000000000000000001111111111
11111111111000000000000000000000000000000000001000000000000000000000001111111111
11111111111000000000000000000010010000111111001000000000000000000000001111111111
11111111111000000111111000000000000000111111001000000000000000000000001111111111
11111111111000000111111000000000000000111111001000000000000000000000001111111111
11111111111010010111111000010000000000121111001000000000000000000000001111111111
11111111111000000121121000000000000000001111001000000000033333333333301111111111
11111111111000000002002000000000000000000000001000000000033333333333301111111111
11111111111000000000000000000000000000000000001000000000033333333333301111111111
11111111111100000000000100000000000000000000001000000000000000000000001111111111
11111111111000000000000000000000000000001000101000000000000000000000001111111111
11111111111111111111111111111111111111111111111111111111111111111111111111111111
11111111111111111111111111111111111111111111111111111111111111111111111111111111
11111111111111111111111111111111111111111111111111111111111111111111111111111111
11111111111111111111111111111111111111111111111111111111111111111111111111111111
11111111111111111111111111111111111111111111111111111111111111111111111111111111
11111111111111111111111111111111111111111111111111111111111111111111111111111111
11111111111111111111111111111111111111111111111111111111111111111111111111111111