11111111111111111111111111111111111111100111111111111111111111111111111111111111
11111111111111111111111111111111111111100111111111111111111111111111111111111111
11111111111111111111111111111111111111100111111111111111111111111111111111111111
11111111111111111111111111111111111111122111111111111111111111111111111111111111
11111111111111111111111111111111111111100111111111111111111111111111111111111111
11111111111111111111111111111111111111100111111111111111111111111111111111111111
11111111111111111111111111111111111111100111111111111111111111111111111111111111
11111111111111111111111111130033011111100111111111111111103300033001111111111111
11111111111111111111111111303333301111030011111111111111000000000000111111111111
11111111111111111111111111103333030111103303033110000000000003330111111111111111
11111111111111111111111111333333001111110300000030033000000003301111111111111111
11111111111111111111111110303333033111111000300301100003311111111111111111111111
11111111111111111111111100333330300011111100330311110003111111111111111111111111
11111111111111111111111000011110000331111113003001111001111111111111111111111111
11111111111111111111113000111111030000111111030011111103111111111111111111111111
11111111111111111111130331111111103033011113333331111110311111111111111111111111
11111111111111111111000311111111113003111111333300111100301111111111111111111111
11111111111111111003330301111111103003011113333301111110000111111111131111111111
11111111111111111133300011111111110300111111303311111100111111111111331111111111
00020000000000000000000111111111111303311113300301111111111111111110020002000000
00020000000002000000001111111111111103111111033011111111111111003000000002000000
00020000000000033111111111111111111333311110030111111111111303300001111111111111
11111111110333001111111111111111111133111111031111111111110333000011111111111111
11111111111000033111111111111111111303011113011111111111100333000111111111111111
11111111111111003003333011111111111103003300111111111111110003301111111111111111
11111111111110000000003001111111111000000001111111111111130303011111111111111111
11111111111111111100003311111111111100000311111111111111330330111111111111111111
11111111111111111110003301111111111110300001111111111113333331111111111111111111
11111111111111111111300311111111111111030000111111111130000000111111111111111111
11111111111111111110330111103111111111111033011111111000330000003111111111111111
11111111111111111111331111113011111111111133000333003300000000003311111111111111
11111111111111111110330111133301111111111111100003300000011110300001111111111111
11111111111111111111031111030303111111111111110333333311111111033003111111111111
11111111111111100000030110330303011111111111111111111111111111100300311111111111
11111111111111003330001111003030111111111111111111111111111111110333301111111111
11111111111110330000030033333033111111111111111111111111111111111000311111111111
11111111111100333333033003333003333000001111111111111111111111111111001111111111
11111111111113333333000003333330333333000111111111111111111111111111111111111111
11111111111100000000011000000000000000000000001111111111111111111111111111111111
11111111111111111111111111111111111111111111111111111111111111111111111111111111
11111111111111111111111111111111111111111111111111111111111111111111111111111111
11111111111111111111111111111111111111111111111111111111111111111111111111111111
11111111111111111111111111111111111111111111111111111111111111111111111111111111
11111111111111111111111111111111111111111111111111111111111111111111111111111111
11111111111111111111111111111111111111111111111111111111111111111111111111111111