11111111111111111111111111111111111111111111111111111111111111111111111111111111
11111111111111111111111111111111111111111111111111111111111111111111111111111111
11111111111111111111111111111111111111111111111111111111111111111111111111111111
11111111111111111111111111111111111111111111333311111111111111111111111111111111
11111111111111111111111111111111111111111111333331111111111111111111111111111111
11111111111111111111111331333331111111111113333331111111111111111111111111111111
11311111131111111111113333333331111111111113333331111111111111111111133333111111
11333111331111111111113333333331111111111111333333111111111111111113333333331111
11133111333331111111133333333333311111111111133333111111111111111113333233333111
11133311333333311111133335555533331111111111111333333333133333111133333333333111
11113333335533333113333355155533333111111111111333333333333333111333333333333311
11111133335555333333335555555533333311111111111333333333333111111333333333333311
11111111331555553333355555555555553331111111333333333111111111111333333333333311
11111111333155555555555555555555555331111133331111111111111111111333333333333311
11111111133311155555555511144415555331111133331111111111111111111133333333333111
11111111113333311155515533333331155311111133331111111111111111111133313333133111
11111111111111333315555133333333311111111133333333333333111111111113333333331111
11111111111111133315555333333333111111111133333333333333333111111111133333111111
11111111111111113335555333133331111111111133333333333333333331111111111331111111
11111111111111113331555333331111111111111133133331111111333333311111111331111111
11111111111111111333155333311111111111111113333311111111111333311111111311111111
11113555151111111133355311111111111111111111333111111111111133331111113311111111
11113155555111111113355311111111111111111111333111111111111133331111333111111111
11133315555111111113355311111111111111111111111111111111111133333333331111111111
11113331551111111111311311111333333333311111111111111111111133333333311111111111
11113333141111111111333331111333333333333311111111111111133333331111111111111111
11111333331111111111333333333331111333333311111111111111333333111111111111111111
11111133111111111111333333333311111331133333311113333333311111111111111111111111
11111133111111111133331333331111111331133333111113333331111111111111111111111111
11111133111111111113333333111111113331113333311333333331111111111111111111111111
11111133111111111113333333111111113311111333111113333331111111111111111111111111
11111133111111111111333333111111133311111331111113333311111111111111111111111111
11111133111131111111133331111111333111111331111111333311111111111111111111111111
11111133333333111111113331111111331111111331111111333111111111111111111111111111
11111113333333311111113331113333311111113331111111333311111111111111111111111111
11111111333333333111113331113333111111113333111111333311111111111133331111111111
11111111111333333333333332333331111111133331111113333333111111111133333111111111
11111111111111133333113333333311111111111331111333333333111111113331333311111111
11111111111111111111111333111111111111111331333333333333111111133333333311111111
11111111111111111111111131111111111111111331333111333333331111333333333311111111
11111111111111111111111121111111111113333333311111333333333333333333333111111111
11111111111111111111111111111111111113333311111111111111111111111113331111111111
11111111111111111111111111111111111111333311111111111111111111111111111111111111
11111111111111111111111111111111111111111111111111111111111111111111111111111111
11111111111111111111111111111111111111111111111111111111111111111111111111111111